FIPS,State,County,PctEmpAgriculture,PctEmpMining,PctEmpConstruction,PctEmpManufacturing,PctEmpTrade,PctEmpTrans,PctEmpInformation,PctEmpFIRE,PctEmpServices,PctEmpGovt,VetsPct
00000,US,United States,1.201674306,0.457961719,6.804088111,10.02216341,13.44038094,5.654194956,1.924477241,6.655580371,49.14160969,4.697869257,6.854719591
01000,AL,Alabama,1.003451882,0.375966658,6.891479883,14.17811121,14.07556231,5.649943389,1.376336092,5.545186159,45.46624788,5.437714535,8.416338597
01001,AL,Autauga,0.579799776,0.193266592,7.181786556,12.08689266,14.78489428,4.45672761,1.202118202,6.084032314,44.29670287,9.133779135,11.39941624
01003,AL,Baldwin,1.534009792,0.216543544,8.686653827,9.465635689,16.50138454,4.650895398,1.364415955,7.13348089,45.3131737,5.133806663,11.19863959
01005,AL,Barbour,5.478331971,0,4.590585212,25.4175914,10.75808901,6.366078729,0.58404392,3.87805163,35.79021142,7.137016704,7.226806702
01007,AL,Bibb,1.398516357,2.237626171,11.62592728,13.48656208,14.6418582,5.630548462,1.726863675,6.068344886,37.91803478,5.265718108,6.421348315
01009,AL,Blount,1.456030358,0.37122587,9.52400594,17.03514272,15.88434252,7.556508827,0.837320574,4.458835176,39.4984326,3.37815542,7.128778651
01011,AL,Bullock,4.085908853,0.314300681,4.793085385,42.64012572,6.652697748,2.776322682,1.545311682,2.357255107,25.90361446,8.931377685,4.057899295
01013,AL,Butler,2.391965112,0.066076384,4.387471918,24.79185939,11.77481168,4.889652438,1.123298533,4.268534426,39.92335139,6.382978723,6.784581111
01015,AL,Calhoun,0.658203085,0.303629287,5.218755731,18.07918815,15.30780674,4.462739185,1.381615145,3.704684857,43.72669289,7.156684939,9.816641292
01017,AL,Chambers,2.216048585,0.051686264,4.72929319,30.70810182,9.910841194,4.74867554,1.557048714,3.333764052,39.24925701,3.495283628,8.034677887
01019,AL,Cherokee,3.410251174,0,9.832550541,20.59424137,11.87461711,6.86134368,0.336940984,3.21625485,38.23769655,5.636103737,7.338036566
01021,AL,Chilton,0.570944036,1.317128321,16.15036744,14.60146976,16.65912945,5.313736574,0.503109101,6.74392312,33.37478802,4.765404183,5.904080675
01023,AL,Choctaw,6.311637081,2.958579882,9.489371028,16.61187815,15.82292352,6.136313829,0.876616261,4.120096428,34.42910366,3.243480167,6.731334509
01025,AL,Clarke,3.526004282,0.226671704,9.62095454,14.78403224,15.5773832,8.034252613,0.642236494,7.001637073,37.42601687,3.160810981,6.659322501
01027,AL,Clay,2.466408982,0,8.724461623,27.53543162,13.36278299,6.055586232,0.699429413,3.975704031,31.52954169,5.650653414,5.265518479
01029,AL,Cleburne,2.444521498,0,13.38418863,21.01248266,13.43619972,3.918169209,0.450762829,4.091539528,35.36754508,5.894590846,7.006808584
01031,AL,Coffee,2.959429418,0.314931456,4.81659874,9.934234902,13.46331975,10.99018155,1.014264542,3.941274546,43.16413486,9.401630233,15.1475393
01033,AL,Colbert,0.931739113,0.823769345,8.653576998,19.22661655,13.38425241,6.362218579,1.395609229,3.582996761,41.30843364,4.33078738,7.748937122
01035,AL,Conecuh,2.856439301,0,5.368135927,26.10194533,13.64196011,5.072642206,0.861856686,7.658212263,31.56857917,6.870229008,5.929023266
01037,AL,Coosa,1.041666667,2.010658915,9.035852713,23.88565891,16.08527132,5.402131783,0.169573643,2.882751938,34.68992248,4.796511628,8.681672026
01039,AL,Covington,4.354443783,1.336774535,6.895638939,14.3802528,12.94421283,8.655946,1.131625968,3.626497254,40.39441466,6.280193237,9.36212579
01041,AL,Crenshaw,4.133971292,0.4784689,6.33492823,22.67942584,14.66028708,7.751196172,1.167464115,4.133971292,33.37799043,5.282296651,5.638214565
01043,AL,Cullman,2.040816327,0.150403236,10.34670539,15.6782408,16.26170163,5.723102456,0.474548142,4.566553432,40.84744444,3.910484143,7.509934168
01045,AL,Dale,2.039184326,0.142800023,7.025761124,10.5957617,15.99931456,10.74427372,0.359856058,3.558576569,42.10887074,7.425601188,15.4072315
01047,AL,Dallas,1.011940903,0.37779127,4.67516697,24.29332794,13.1147541,4.735883424,1.666329353,5.349794239,40.18754638,4.587465425,6.444773507
01049,AL,DeKalb,2.78687429,0.016707879,8.390697053,26.31491011,10.93697788,7.498496291,2.228831117,4.357414957,34.72231504,2.746775379,6.616274557
01051,AL,Elmore,0.877239478,0.40019082,6.922506096,10.91911375,15.00318032,5.759037422,0.747376232,5.353546062,43.35842256,10.65938726,10.07739223
01053,AL,Escambia,2.160160469,0.740626447,6.59620429,15.36028391,17.44329579,4.250887209,0.825489894,2.476469681,42.01512112,8.131461194,7.289876924
01055,AL,Etowah,0.503916808,0.107654954,7.061706904,17.49965642,15.74969078,4.565028174,1.021576802,3.089926245,45.62508589,4.775757021,7.451246606
01057,AL,Fayette,1.001112347,0.810424281,4.481169554,25.94946766,16.98712856,6.324487526,2.129350072,2.240584777,37.47020499,2.606070237,6.472919419
01059,AL,Franklin,1.993712139,0.099685607,9.738516985,33.11862587,11.11877923,5.152979066,1.081205429,3.450655625,31.71535925,2.530480791,5.222259358
01061,AL,Geneva,3.576537911,0.209823558,8.078206962,13.37148307,17.33905579,8.431092036,1.087267525,3.280877444,40.35288507,4.272770625,11.02121887
01063,AL,Greene,2.765185857,0,12.51133273,24.16137806,7.479601088,3.309156845,0.453309157,8.431550317,28.78513146,12.10335449,9.212675596
01065,AL,Hale,3.338867368,0,4.021398266,19.8487364,15.58752998,4.316546763,0.055340343,1.309721454,48.3490131,3.172846338,7.605907845
01067,AL,Henry,3.884588318,0.070372977,4.644616467,12.35749472,15.51020408,7.811400422,0.830401126,2.913441239,47.82547502,4.15200563,9.350553506
01069,AL,Houston,1.048338837,0.024379973,6.325494803,9.031671801,17.42503158,8.55958687,0.926438973,3.670294111,47.77144884,5.217314214,9.632639034
01071,AL,Jackson,1.199838677,0.030248034,7.919943537,26.05363985,11.67574108,4.895140149,1.204880016,3.145795523,40.12401694,3.750756201,7.222959122
01073,AL,Jefferson,0.222686061,0.330458324,5.215917833,9.341453043,13.5104867,5.802172975,2.055139146,8.800319421,50.33289294,4.388473562,6.879003552
01075,AL,Lamar,2.250984806,0.675295442,4.370662165,29.46914275,14.76270869,2.344775839,1.650722191,4.276871131,33.74601388,6.45282311,5.649303008
01077,AL,Lauderdale,0.750339439,0.092899169,7.046044639,14.02301041,18.2272933,5.523927491,1.148138444,4.261451609,44.12948715,4.797408351,7.399523389
01079,AL,Lawrence,1.279505846,0,8.199132289,22.50900802,17.5233473,6.478417531,0.522097213,3.478196926,37.07625561,2.934039268,6.894414749
01081,AL,Lee,0.344006351,0.215476506,5.620030494,11.93059388,12.83912348,4.590531635,1.316800867,6.180773447,53.30208294,3.660580401,7.839793588
01083,AL,Limestone,1.592974351,0.237529691,8.470439539,18.24620279,13.13168733,4.284251128,0.930506222,3.77214583,42.84686962,6.487393493,8.84965904
01085,AL,Lowndes,4.183757178,0.765654908,5.168170632,24.20016407,14.57478808,8.394859174,0.082034455,1.968826907,35.3841947,5.277549904,5.278959219
01087,AL,Macon,1.323251418,0.472589792,3.74021064,12.48987308,8.452605995,4.968944099,0.459087227,3.375641372,58.0205239,6.697272482,8.468974119
01089,AL,Madison,0.350979974,0.157115467,5.420217299,11.9977631,12.47816361,3.910311035,1.657435023,3.922028121,51.188219,8.917767363,11.42311951
01091,AL,Marengo,2.790254526,0.408329931,7.390771744,18.07540493,12.9576698,5.526065061,0.816659861,2.3547026,41.69048591,7.989655642,10.32275273
01093,AL,Marion,1.458422175,0.614072495,8.921108742,20.6652452,12.3326226,7.718550107,0.707889126,6.038379531,37.62899787,3.914712154,6.461352657
01095,AL,Marshall,1.62152795,0.094073377,8.568104174,20.90409467,14.71753231,5.451304649,1.926028618,4.008020993,38.48838936,4.2209239,7.964797087
01097,AL,Mobile,0.710693323,0.519964125,7.584891523,12.17260992,13.86816979,6.288387089,1.637092288,5.738337704,47.36271471,4.117139516,8.728121132
01099,AL,Monroe,4.274292743,0.138376384,5.565805658,19.32656827,17.38929889,5.227552276,0.584255843,3.505535055,37.65375154,6.334563346,6.639162171
01101,AL,Montgomery,0.403981383,0.022163567,4.428683686,11.9814229,12.84580202,5.417984727,1.30966533,5.073442002,48.2057585,10.31109589,9.31331891
01103,AL,Morgan,1.20782387,0.087469525,8.361714403,21.2606778,14.2984758,4.302756221,1.339958685,3.413172538,41.78437832,3.943572851,7.885852602
01105,AL,Perry,2.413087935,0,4.703476483,15.33742331,11.00204499,8.302658487,1.717791411,0,54.5603272,1.963190184,3.212616822
01107,AL,Pickens,2.030162413,0,10.02030162,20.89617169,12.26798144,8.584686775,0.638051044,2.798723898,36.78944316,5.974477958,7.17367506
01109,AL,Pike,1.184520306,0.139788111,4.789582107,15.25897587,17.39258387,8.225426722,1.353737493,3.605061801,41.68628605,6.364037669,7.085966421
01111,AL,Randolph,3.879310345,0,7.495210728,23.76676245,13.60153257,6.657088123,1.221264368,4.980842912,34.6144636,3.783524904,6.749319275
01113,AL,Russell,1.659878246,0,6.63513336,14.47904349,15.60022774,6.297902159,1.248193404,6.670170368,39.86335567,7.546095563,14.69310409
01115,AL,St. Clair,0.190147364,0.170131852,10.54817484,14.00085066,13.38287173,6.132252496,1.363556757,6.359928945,43.02584503,4.826240336,8.313862649
01117,AL,Shelby,0.304205029,0.499829502,7.131319658,7.978427466,14.6574777,6.067948097,1.577558822,10.95497048,46.84577972,3.982483533,7.086217822
01119,AL,Sumter,2.765082267,0,5.758683729,13.34552102,14.80804388,4.044789762,1.393967093,2.07952468,50.34277879,5.461608775,4.069246841
01121,AL,Talladega,0.992916576,0.760926722,6.443131554,19.76862879,13.91320486,6.848340499,1.132110489,3.591202945,40.5982245,5.951313063,7.684437348
01123,AL,Tallapoosa,0.770250647,0.391438854,8.592714187,22.62769114,13.8960793,5.322305701,0.656607109,4.305827388,39.18176653,4.255319149,8.176081363
01125,AL,Tuscaloosa,0.51767378,0.759002508,7.184024985,14.82610136,13.07433871,4.295651351,1.013580656,4.484928784,50.70174608,3.142951782,6.583365474
01127,AL,Walker,0.826932121,4.248314783,6.862360872,13.12509798,16.29957674,7.121022104,1.265872394,4.048440194,41.78946543,4.412917385,7.301147606
01129,AL,Washington,2.609838528,1.483289523,8.862185505,21.83627488,11.45324822,9.556890725,0.150206534,3.379647015,35.46751784,5.200901239,6.680178354
01131,AL,Wilcox,5.47024952,2.559181062,7.485604607,21.3371721,11.22840691,6.973768394,0.319897633,0.959692898,35.31669866,8.349328215,7.014742015
01133,AL,Winston,1.26927515,0.734291409,8.580719606,21.57767754,16.02853247,11.38151684,1.384663799,4.615545998,31.09199622,3.335780971,6.968085106
02000,AK,Alaska,1.732986087,2.769706848,6.878203765,3.812628446,11.9758817,9.197316514,1.828656131,3.927491555,46.32644745,11.5506815,11.76876618
02010,AK,Aleutian Islands,0,0,0,0,0,0,0,0,0,0,0
02013,AK,Aleutians East,9.7605061,0,1.03931315,47.31134207,3.117939449,4.563940353,0.451875282,1.852688658,16.58382286,15.31857207,5.165925419
02016,AK,Aleutians West,1.121751026,0.164158687,5.526675787,29.52120383,17.37346101,16.88098495,0.902872777,0.957592339,16.71682627,10.83447332,5.74078163
02020,AK,Anchorage,0.387280599,2.064343905,5.322341941,2.453007649,12.85494958,9.978007995,1.870012033,4.773924951,50.29460988,10.00152146,12.2083296
02050,AK,Bethel,0.898667493,1.394484041,3.036876356,1.564920979,9.947319492,10.59807871,1.038115897,1.952277657,45.10381159,24.46544778,6.458909274
02060,AK,Bristol Bay,2.483069977,0,4.288939052,7.449209932,6.546275395,16.4785553,3.837471783,3.16027088,38.37471783,17.38148984,11.37370753
02063,AK,Chugach,10.11956839,2.070574512,3.966170895,7.407407407,12.56926218,11.11111111,2.741324001,1.895596384,36.39545057,11.72353456,8.597456823
02066,AK,Copper River,1.192660551,1.743119266,10,4.403669725,11.83486239,5.963302752,11.00917431,2.385321101,36.60550459,14.86238532,12.5188537
02068,AK,Denali,0.331345262,5.964214712,4.970178926,3.976143141,9.410205434,31.67660702,0.198807157,0.662690524,36.713055,6.096752816,9.190031153
02070,AK,Dillingham,5.308310992,3.324396783,3.002680965,0.268096515,12.33243968,7.989276139,0.428954424,1.608579089,49.59785523,16.13941019,4.289544236
02090,AK,Fairbanks North Star,1.288507459,2.853630281,8.18024919,1.889022862,11.64148758,8.170792255,2.418611249,4.30054141,49.00347542,10.25368229,#N/A
02100,AK,Haines,1.360544218,0.793650794,17.80045351,4.195011338,10.430839,4.988662132,6.575963719,2.267573696,41.49659864,10.09070295,10.25641026
02105,AK,Hoonah-Angoon,8.088888889,2.133333333,6.044444444,3.911111111,6.577777778,7.022222222,0.177777778,1.244444444,41.95555556,22.84444444,12.20588235
02110,AK,Juneau ,3.137614679,1.981651376,7.009174312,3.155963303,7.614678899,7.565749236,2.146788991,3.31498471,39.6146789,24.4587156,7.578888801
02122,AK,Kenai Peninsula,3.505004255,4.635520078,8.420114267,3.65898132,11.52396775,6.629117874,1.762632197,3.691397545,47.08861785,9.084646866,10.43664176
02130,AK,Ketchikan Gateway,3.837342497,0.343642612,6.056701031,5.040091638,12.65750286,11.22565865,1.560710195,4.911225659,43.32760596,11.0395189,9.617721282
02150,AK,Kodiak Island,6.749156356,0.224971879,4.306604532,20.90631528,10.71830307,7.681182709,0.433874337,0.562429696,37.84348385,10.57367829,13.5719776
02158,AK,Kusilvak,0.752212389,7.03539823,2.654867257,5.044247788,11.90265487,8.451327434,2.168141593,1.017699115,41.59292035,19.38053097,4.425497361
02164,AK,Lake and Peninsula,0.915331808,4.805491991,1.830663616,3.661327231,3.203661327,9.153318078,0,0.228832952,45.99542334,30.20594966,5.922865014
02170,AK,Matanuska-Susitna,1.484450216,3.499541007,12.71970087,2.686787721,13.32422811,7.690929853,1.907619282,3.752546851,43.52596109,9.408235004,#N/A
02180,AK,Nome,0.439198463,1.180345869,2.93713972,1.427395004,8.564370025,11.36426023,1.345045292,1.3999451,52.09991765,19.24238265,5.793335371
02185,AK,North Slope,0.953702098,17.34003815,5.115311254,7.49089648,5.774232703,12.71024796,0.294780649,4.005548812,32.56459164,13.75065025,5.773877655
02188,AK,Northwest Arctic,0.873860182,5.775075988,4.179331307,0.683890578,8.130699088,11.32218845,0.79787234,1.443768997,49.62006079,17.17325228,5.615507594
02195,AK,Petersburg,12.71820449,0.06234414,6.421446384,11.03491272,15.33665835,6.047381546,1.496259352,1.246882793,40.96009975,4.675810474,10.81669691
02198,AK,Prince of Wales-Hyder,9.482758621,1.311844078,5.584707646,4.685157421,12.14392804,8.470764618,0.374812594,1.986506747,40.32983508,15.62968516,8.509709797
02201,AK,Prince of Wales-Outer Ketchikan,0,0,0,0,0,0,0,0,0,0,0
02220,AK,Sitka ,6.913073238,0.616016427,5.224731919,6.114533425,13.00479124,7.0727812,1.277663701,3.057266712,46.84006388,9.879078257,9.269356598
02230,AK,Skagway,0.122100122,0,6.593406593,6.837606838,11.47741148,16.48351648,0.244200244,0.854700855,42.49084249,14.8962149,5.193661972
02232,AK,Skagway-Hoonah-Angoon,0,0,0,0,0,0,0,0,0,0,0
02240,AK,Southeast Fairbanks,5.62187139,7.239122064,7.701193685,4.235656527,9.819021948,7.354639969,0.885637274,3.927608779,36.23411629,16.98113208,#N/A
02261,AK,Valdez-Cordova,0,0,0,0,0,0,0,0,0,0,0
02275,AK,Wrangell ,8.634020619,0.128865979,8.505154639,10.30927835,9.536082474,7.087628866,0.644329897,1.804123711,37.11340206,16.2371134,13.11377246
02280,AK,Wrangell-Petersburg,0,0,0,0,0,0,0,0,0,0,0
02282,AK,Yakutat ,11.53846154,6.08974359,2.564102564,4.166666667,19.87179487,15.38461538,0.641025641,0.320512821,19.87179487,19.55128205,#N/A
02290,AK,Yukon-Koyukuk,0.736887733,4.508019072,4.85478977,5.418292154,9.319462505,12.35370611,0.953619419,0.693541396,36.80104031,24.36064153,10.7491021
04000,AZ,Arizona,0.796003228,0.451290663,7.307638523,7.206791099,14.20936461,5.616092732,1.751094979,8.685492142,49.14355995,4.832672074,8.671118925
04001,AZ,Apache,1.766547406,0.916815742,9.073121646,2.08519678,8.87745975,7.703488372,1.280187835,2.823121646,54.67911449,10.79494633,5.940288051
04003,AZ,Cochise,2.46991624,0.580227124,6.490867632,3.996116768,11.84837333,5.215271036,1.460727429,4.057074481,47.17223941,16.70918655,#N/A
04005,AZ,Coconino,1.022804983,0.233401719,6.294413225,7.834567241,12.91142628,4.321648381,0.915767252,3.399934588,57.20572057,5.860315761,6.216354448
04007,AZ,Gila,1.562001913,7.013069812,8.304112209,3.687174583,12.55445755,4.824141962,1.099776857,4.345978111,48.83646796,7.772819042,12.31279242
04009,AZ,Graham,2.691049658,8.80166518,10.34046982,4.014272971,15.2765388,4.267023491,0.683913173,3.865596194,44.1049658,5.954504906,5.832767797
04011,AZ,Greenlee,2.714388662,34.56641845,7.542637521,3.218832573,8.527504204,1.321162623,0,3.411001682,35.35911602,3.338938266,7.546897547
04012,AZ,La Paz,9.608066971,0.399543379,7.705479452,3.671993912,14.78310502,5.726788432,0.818112633,3.976407915,40.50608828,12.804414,#N/A
04013,AZ,Maricopa,0.36503874,0.168964553,7.453737129,7.635691715,14.37775391,5.762820833,1.895273981,10.38924915,48.17047629,3.7809937,7.376319215
04015,AZ,Mohave,0.54660643,0.55319205,7.819764762,5.518749259,14.6912003,6.456541496,1.49888703,5.938911792,50.86600898,6.110137903,#N/A
04017,AZ,Navajo,1.605869527,0.766102894,8.978136602,2.315987978,13.76038659,5.837114739,0.975307914,3.521126761,53.29129589,8.948671106,8.444762611
04019,AZ,Pima,0.378386527,0.60100539,6.229177272,6.763986866,13.4340325,4.956819805,1.62299856,5.888585704,54.15274844,5.972258937,10.08187135
04021,AZ,Pinal,1.844486427,0.898006364,7.446306056,8.842721488,14.70244606,6.054240827,1.703415532,6.768295714,45.14827981,6.59180173,10.55927366
04023,AZ,Santa Cruz,3.60841424,0.582524272,6.882416397,4.449838188,18.73247033,11.87162891,1.650485437,3.36030205,39.52535059,9.336569579,4.458912037
04025,AZ,Yavapai,0.827953971,1.365530344,9.21867916,5.597055204,15.24104579,4.001597617,1.563073469,5.208445778,52.17513331,4.801485352,13.32560953
04027,AZ,Yuma,9.74475492,0.144829327,6.062901104,5.326796083,14.76329042,5.6111399,0.967300461,3.796122826,44.70309988,8.879765084,9.393055744
05000,AR,Arkansas,2.17452167,0.408356937,7.140563125,13.2457015,15.43395458,6.004059921,1.296855583,4.985418003,44.85365748,4.45691121,8.113006434
05001,AR,Arkansas,9.134243752,0.141716053,5.591342438,23.48621489,12.3164133,5.913424375,1.223911363,2.653955166,34.34681783,5.191960835,5.629338968
05003,AR,Ashley,9.385617214,0.311438279,8.578708947,15.57191393,10.58890147,6.8799547,0.70781427,2.36409966,39.38278596,6.228765572,5.596514745
05005,AR,Baxter,1.203146691,0.231374364,7.033780657,17.76294044,16.71183976,3.404508495,0.707344483,5.85707675,43.84874727,3.239241092,#N/A
05007,AR,Benton,1.116613547,0.267666343,7.493198941,13.17108037,24.73908002,5.453975246,0.829984465,4.665562938,40.08795793,2.174880207,7.075868849
05009,AR,Boone,1.758593126,0.245957081,8.159626145,11.40625961,11.91047162,13.57683084,1.494189264,4.667035602,43.96482814,2.816208572,8.511007107
05011,AR,Bradley,11.19459053,0.15026296,8.665164037,19.48409717,9.541697972,2.529426496,0.851490108,5.484598047,38.24192337,3.856749311,7.753977202
05013,AR,Calhoun,4.126473741,4.769560557,11.36120043,12.9153269,14.36227224,6.91318328,0.857449089,1.875669882,34.19078242,8.628081458,5.796358041
05015,AR,Carroll,7.606757789,0,9.406571016,23.77111809,10.93471432,3.803378895,2.046014093,5.356991256,34.78223958,2.292214959,10.87194455
05017,AR,Chicot,9.392446634,0,6.732348112,18.52216749,11.95402299,3.02134647,0.853858785,4.302134647,36.22331691,8.998357964,5.339925834
05019,AR,Clark,3.145178088,0.114559467,5.44678192,11.83086857,13.08060821,6.2070402,0.520724849,3.290981046,53.35346803,3.009789627,5.765476054
05021,AR,Clay,8.058145047,0.426607679,5.150892716,13.66724601,15.64228156,5.387896982,1.106019908,5.593300679,41.57054827,3.397061147,8.518615398
05023,AR,Cleburne,1.158504476,0.989994734,8.899420748,12.59610321,14.50236967,7.309110058,0.421274355,5.79252238,43.40179042,4.928909953,12.31551655
05025,AR,Cleveland,7.185828877,0,4.578877005,16.81149733,10.89572193,7.586898396,0.300802139,5.815508021,41.34358289,5.481283423,5.743522033
05027,AR,Columbia,2.463768116,2.4303233,3.42251951,13.73467113,14.1025641,9.520624303,0.802675585,4.80490524,46.95652174,1.761426979,5.914512923
05029,AR,Conway,6.490490933,0.840336135,8.082706767,17.8460858,11.34453782,5.594869527,1.304732419,2.056612119,41.06590004,5.373728439,9.478168264
05031,AR,Craighead,2.246795874,0.113316662,7.209284151,12.92396061,16.26289465,3.786339481,1.654814004,4.833541732,47.04204439,3.92700844,6.205956452
05033,AR,Crawford,0.936024744,0.630799284,7.028324923,18.66351945,15.38743285,7.016115904,0.614520593,4.643496663,42.4141299,2.665635683,9.370598592
05035,AR,Crittenden,2.416743197,0.014500459,5.128329064,11.46019624,17.03803954,10.51283291,1.590217024,3.499444149,44.63241336,3.707284064,6.16802754
05037,AR,Cross,4.961884962,2.079002079,7.636867637,8.856548857,19.81981982,9.646569647,0.942480943,4.324324324,35.44005544,6.292446292,8.508663366
05039,AR,Dallas,3.181076672,0.081566069,2.895595432,30.22022839,6.117455139,8.034257749,0.28548124,7.544861338,34.95106036,6.688417618,6.89059501
05041,AR,Desha,9.016393443,0.234192038,6.018735363,12.22482436,13.88758782,4.683840749,0.608899297,3.770491803,40.32786885,9.227166276,6.300409118
05043,AR,Drew,4.643920932,0.595721636,6.404007582,11.90089358,12.74031952,2.829677769,0.676956404,4.318981858,45.91118332,9.978337395,7.923617208
05045,AR,Faulkner,0.647743073,0.669786686,7.625394242,7.566046054,14.77261166,4.788550887,2.282361719,4.917421237,52.65371181,4.076372639,6.222594995
05047,AR,Franklin,3.516998828,1.377491208,8.279601407,24.07678781,10.02344666,8.147713951,0.615474795,4.396248535,33.86576788,5.700468933,12.28163451
05049,AR,Fulton,3.72457731,0,6.248468513,8.282283754,16.90762068,8.919382504,0.269541779,2.940455771,48.29698603,4.410683656,11.61249606
05051,AR,Garland,0.827183717,0.552259683,8.845801379,6.950272512,16.36762649,2.541841509,1.955819225,5.445425168,52.2548594,4.258910915,10.95034569
05053,AR,Grant,4.200471081,0.379481811,8.610311437,14.00157027,9.997382884,8.623397017,0.654278985,4.357498037,43.79743523,5.378173253,7.906909511
05055,AR,Greene,3.497952788,0.055603296,9.270585857,19.86048628,14.00192084,5.797907294,0.647020169,3.275539605,41.17171309,2.421270788,9.158997881
05057,AR,Hempstead,8.215613383,0.049566295,5.972738538,22.32961586,9.702602231,5.94795539,0.173482032,3.296158612,40.83023544,3.482032218,5.919968357
05059,AR,Hot Spring,1.246504195,0.311626049,8.206152617,11.65001998,16.73991211,4.322812625,0.783060328,3.931282461,48.51777867,4.290850979,7.981311298
05061,AR,Howard,8.678571429,0.392857143,3.642857143,33.96428571,7.214285714,4.357142857,2.821428571,1.160714286,34.42857143,3.339285714,7.537423572
05063,AR,Independence,1.112759644,0.568743818,7.474035608,20.67260138,11.97453017,6.398367953,0.710929773,3.894658754,43.56454006,3.628832839,7.604047147
05065,AR,Izard,5.441408896,0.790246105,4.628584331,17.24994355,7.857304132,3.522239783,1.196658388,3.499661323,46.85030481,8.963648679,11.58197163
05067,AR,Jackson,8.241851039,0.135112312,5.978719811,15.03124472,18.34149637,4.728930924,0.118223273,2.465799696,38.49011991,6.468501942,5.518518519
05069,AR,Jefferson,1.494376217,0.393466079,3.636580422,17.44763722,12.92873892,5.83045189,0.60013513,4.320178053,42.87985374,10.46858233,7.079612746
05071,AR,Johnson,2.211675368,1.499762696,6.549596583,25.39155197,15.14000949,5.84717608,0.588514476,3.037494067,35.90887518,3.825344091,8.148072085
05073,AR,Lafayette,12.42236025,1.641526176,10.15971606,13.13220941,13.88642413,3.904170364,0,3.06122449,33.58473824,8.207630878,8.334956183
05075,AR,Lawrence,6.312900275,0.426959439,6.968587984,14.89783471,14.40988106,9.469350412,0.426959439,3.781640744,38.92955169,4.376334248,7.99240326
05077,AR,Lee,12.51466562,0,5.00586625,8.760265937,13.53148221,4.536566289,0,4.028157998,40.90731326,10.71568244,3.260415215
05079,AR,Lincoln,4.726735598,0.295420975,6.203840473,15.18463811,10.69423929,5.701624815,2.629246677,4.992614476,40.17725258,9.394387002,5.46137634
05081,AR,Little River,2.524038462,0.380608974,8.353365385,18.02884615,13.78205128,4.967948718,0,4.427083333,42.68830128,4.84775641,6.586379623
05083,AR,Logan,4.836586971,1.085764422,4.101776705,22.80105286,13.57753893,5.692037728,1.129633692,2.533450318,40.44746655,3.794691818,8.416881791
05085,AR,Lonoke,1.98603428,0.335540038,7.910885403,7.209576494,16.09987606,9.797164536,1.562830628,6.916356821,40.56407001,7.61766573,11.85534357
05087,AR,Madison,4.04772693,0.362483009,10.24014499,18.86421991,15.10345869,7.597039722,1.918139254,3.096209032,34.36036852,4.410209938,6.54663192
05089,AR,Marion,1.536312849,0.104748603,6.075418994,25.59357542,15.01396648,4.085195531,3.090083799,4.504189944,35.73673184,4.259776536,#N/A
05091,AR,Miller,0.848375451,0.379061372,6.10709988,16.2755716,15.70397112,7.268351384,1.004813478,4.819494585,39.72322503,7.870036101,7.882241216
05093,AR,Mississippi,4.620764777,0.177721722,4.976208221,27.46087256,12.98515164,4.425844178,2.247319842,3.789485754,35.87685605,3.439775268,6.181037331
05095,AR,Monroe,7.765451664,0.039619651,5.071315372,16.75911252,14.85736926,9.746434231,0,4.041204437,35.73692552,5.982567353,7.726432532
05097,AR,Montgomery,8.33600513,1.41070856,9.169605643,10.42000641,16.54376403,6.38025008,0.448861815,4.360371914,39.08303944,3.847386983,9.041253414
05099,AR,Nevada,3.186743149,0.350541746,5.79987253,16.31612492,8.094327597,4.620777565,0.031867432,2.58126195,56.78776291,2.230720204,10.08690255
05101,AR,Newton,4.0119985,0,12.82339708,17.13535808,11.736033,6.524184477,0.262467192,4.49943757,36.07049119,6.936632921,11.27793892
05103,AR,Ouachita,1.050891487,1.487778959,5.455189515,24.70185382,9.43440784,8.607863975,0.531349628,2.255283977,38.90660054,7.568780257,9.572059323
05105,AR,Perry,5.552617663,0.132205182,15.83818086,12.5330513,15.6530936,5.023796933,1.295610788,3.120042306,35.85404548,4.997355896,11.68864753
05107,AR,Phillips,5.574660634,0,3.656108597,12.94117647,18.84162896,6.425339367,0.416289593,5.140271493,42.85972851,4.14479638,6.44614764
05109,AR,Pike,5.437026841,0,7.455838495,16.9075476,12.96168846,5.666437256,1.65175499,4.335856848,41.45446203,4.129387474,8.484318381
05111,AR,Poinsett,6.72527007,0.052954882,7.000635459,15.71700911,14.80618513,7.254818894,1.323872061,2.584198263,41.49544588,3.039610252,4.982105323
05113,AR,Polk,5.893383338,0.870613448,7.420305384,15.67104206,14.82721672,5.920171444,0.857219395,2.59844629,42.96812215,2.973479775,10.76820307
05115,AR,Pope,1.587183586,0.494368658,5.794892763,17.366093,14.46307103,7.943352043,0.888376761,4.590566108,44.38538453,2.486711519,8.712440182
05117,AR,Prairie,7.864539603,0,6.940945984,10.69129583,13.26616289,8.340330255,1.175482788,6.689056815,38.79093199,6.241253848,8.902439024
05119,AR,Pulaski,0.393761705,0.089103258,5.806651265,6.852947611,13.68455312,5.606035545,2.15341767,7.439321748,51.48460968,6.489598395,8.611087225
05121,AR,Randolph,4.467748887,0.244217785,9.26591007,18.37379687,14.65306709,7.355265048,0.143657521,3.045539434,39.40525787,3.045539434,7.709896392
05123,AR,St. Francis,6.08478803,0.336658354,10.93516209,12.51870324,13.97755611,6.134663342,0.935162095,3.179551122,37.7680798,8.129675811,5.504339857
05125,AR,Saline,0.622147084,0.229923922,7.824175824,8.125105664,15.26796281,6.287404903,1.913778529,7.607776839,46.08453085,6.037193576,9.638154728
05127,AR,Scott,6.917938931,0.286259542,5.08110687,27.83874046,10.20992366,4.890267176,0.691793893,5.510496183,34.63740458,3.936068702,6.049822064
05129,AR,Searcy,5.714285714,0,5.473321859,17.21170396,14.56110155,6.540447504,0.17211704,4.234079174,40.51635112,5.576592083,9.035952911
05131,AR,Sebastian,1.030661312,0.951379673,6.676892849,16.69740266,14.82049603,7.142241602,0.951379673,4.232950139,43.82378794,3.672808121,8.447707862
05133,AR,Sevier,6.459366081,0.495718792,9.493765961,27.70016524,11.82214211,5.317710681,0,3.69535827,31.75604627,3.259726604,6.270194743
05135,AR,Sharp,3.817816477,0.217682518,9.57803081,11.57066309,15.89082384,5.274614869,1.105157401,4.403884796,42.41460147,5.726724715,12.16246045
05137,AR,Stone,6.177127264,1.686926321,8.260977425,9.030017365,13.54502605,3.994046142,1.215579261,3.225006202,44.23220045,8.633093525,10.94034378
05139,AR,Union,1.496275366,1.399948626,7.410737221,17.01130234,15.27742101,3.70536861,0.372463396,6.402517339,43.79013614,3.133829951,6.778863919
05141,AR,Van Buren,1.787648971,2.34741784,7.56590827,10.05778259,12.09823041,10.5092091,0.198627663,5.778259299,45.68436259,3.972553268,9.284876905
05143,AR,Washington,0.999864425,0.113543926,8.63103308,12.42712852,15.03355477,5.49671231,1.178653742,4.339242137,49.01623509,2.764031996,6.623970025
05145,AR,White,1.137610079,0.980914476,8.213983516,12.06556144,15.73850638,7.349023786,1.065530101,3.867247485,47.52577643,2.055846313,7.980328981
05147,AR,Woodruff,8.105065666,0.150093809,3.489681051,13.69606004,13.62101313,7.879924953,0.450281426,7.279549719,40.0750469,5.253283302,6.314303006
05149,AR,Yell,5.899122807,0.855263158,6.436403509,21.66666667,11.29385965,6.787280702,1.315789474,2.872807018,39.78070175,3.092105263,6.238732938
06000,CA,California,1.992871233,0.121423884,6.615647361,8.977566244,12.96207723,5.735380424,2.889602516,5.932310067,50.14449271,4.628628334,4.83938731
06001,CA,Alameda,0.3105551,0.037161417,5.332034399,9.885394191,11.01750246,5.242732656,3.624095691,6.043475427,54.85653978,3.650508883,3.537543989
06003,CA,Alpine,5.747126437,0,2.298850575,6.896551724,14.36781609,8.812260536,0,0.957854406,57.85440613,3.0651341,9.099526066
06005,CA,Amador,3.460367871,0.741034802,9.36218076,4.796877068,11.7573111,5.458515284,1.793039566,5.220325526,46.98292973,10.42741829,11.18211804
06007,CA,Butte,3.908402025,0.198538507,6.409363533,6.302298265,14.64091556,4.065361787,1.991621883,5.433302496,52.55865202,4.491543923,7.351228568
06009,CA,Calaveras,3.878299561,0.420900728,11.26811376,6.133124887,14.23847033,5.73627563,1.671577175,5.381516445,43.39486501,7.876856473,9.680681213
06011,CA,Colusa,21.06311596,0.325015727,4.508282659,12.74900398,11.84734745,7.485846089,0.492765779,2.096875655,32.80561963,6.626127071,4.758899268
06013,CA,Contra Costa,0.494577356,0.130963944,7.389907887,6.458959371,12.11933673,5.786958305,2.504970318,7.663932846,53.24289166,4.207501587,4.751239124
06015,CA,Del Norte,6.533261222,0.129799892,6.371011358,2.931314224,13.89940508,2.531097891,1.362898864,2.249864792,48.26392645,15.72742023,8.086775906
06017,CA,El Dorado,1.402805611,0.121385628,8.158030346,6.607500716,11.06212425,4.058402519,1.657028342,7.465216147,52.3332379,7.134268537,8.352982129
06019,CA,Fresno,8.930904157,0.065196106,6.115923968,6.44166392,13.85381157,5.939581735,1.192054255,4.326759994,46.88225487,6.251849428,5.00033533
06021,CA,Glenn,19.3148209,0.320407493,6.523167926,9.300032862,14.15543871,7.024318107,0.271114032,1.265198817,36.07459744,5.750903713,6.468447764
06023,CA,Humboldt,5.399119528,0.139546474,7.831215217,4.67979068,14.12741922,3.737851981,1.22601545,4.095024504,51.64382424,7.120192707,6.95970365
06025,CA,Imperial,9.216834463,0.267104993,6.030408876,4.07335114,14.7643997,6.391685501,0.760221903,3.496335867,44.05691391,10.94274365,4.387338166
06027,CA,Inyo,3.099569172,0.215414074,8.891814265,2.632838679,10.89037817,5.110100527,1.926759215,4.439923408,48.02537099,14.7678315,8.961372231
06029,CA,Kern,11.62632869,2.765264947,7.203997319,5.427033936,12.76025981,6.476132305,0.930898068,3.494826616,42.64768675,6.667571549,5.346020464
06031,CA,Kings,16.0032014,0.238199592,3.348133468,7.649065305,12.91994588,5.028869791,0.983287917,2.679269013,37.88707434,13.26295329,8.095436549
06033,CA,Lake,5.652906817,0.192089067,9.921988318,5.166803873,14.06170371,4.676780744,1.187816065,3.688894116,47.80665647,7.644360814,8.941928209
06035,CA,Lassen,5.035305012,0.335687001,7.373538604,2.071999074,11.33233013,3.958791527,1.516379211,1.886792453,35.36288922,31.12628776,6.664483975
06037,CA,Los Angeles,0.394941118,0.055864527,6.166244152,8.898631575,13.1716435,6.404830101,4.387013227,5.972570906,50.98173359,3.566527302,3.09328826
06039,CA,Madera,14.47637206,0,8.426392483,9.500544737,10.8147215,4.800490263,0.985632575,4.51620591,41.33528531,5.144355168,5.705309735
06041,CA,Marin,0.792417294,0.06660899,6.20535475,4.621285783,12.34639737,3.078560327,4.185647677,9.646819229,55.51744466,3.539463913,4.212307546
06043,CA,Mariposa,3.196022727,0,8.565340909,3.735795455,10.65340909,2.982954546,0.710227273,2.301136364,58.57954545,9.275568182,9.791332263
06045,CA,Mendocino,6.466180848,0.143692908,8.187929796,7.156419994,16.00636354,4.09524787,0.82110233,4.077286257,46.86954737,6.176229088,6.872426839
06047,CA,Merced,11.32502727,0.067471394,7.96994288,10.88600107,14.64036823,7.048450007,0.89468917,2.842116938,39.65099728,4.674935764,4.355332379
06049,CA,Modoc,20.71500167,0,5.345806883,0.801871032,8.018710324,3.007016372,0.701637153,1.570330772,48.74707651,11.09254928,#N/A
06051,CA,Mono,2.761730309,0,7.538396506,4.396223757,6.298435959,3.268986896,0.92997041,9.511061012,60.9694237,4.325771453,7.259372317
06053,CA,Monterey,15.51259964,0.073232283,7.18466653,5.341215024,12.02589999,3.912395223,1.326610715,3.509354239,45.6484745,5.46555185,4.958135211
06055,CA,Napa,4.815601523,0.052746376,6.167049197,12.8900737,12.67766262,3.650904529,1.32293612,4.430695539,49.87241079,4.119919597,5.692634022
06057,CA,Nevada,1.454732158,0,9.665411604,4.590963546,13.65094985,4.903303098,1.501797022,5.799674825,53.87429403,4.558873866,9.458962963
06059,CA,Orange,0.59430209,0.08955237,5.955295207,11.8873569,13.3678517,4.034177693,1.950112442,8.652074014,50.37784211,3.091435474,4.019366478
06061,CA,Placer,0.694223949,0.052739494,7.342629118,6.069347053,12.89426808,4.588335961,1.845344125,8.756908605,49.62786367,8.128339944,8.096717878
06063,CA,Plumas,5.270618557,0.257731959,9.317010309,7.242268041,10.07731959,6.636597938,1.005154639,3.917525773,46.90721649,9.368556701,11.14743985
06065,CA,Riverside,1.212501077,0.057893075,9.315522042,8.352487488,15.24922729,7.346009206,1.55009904,4.998995244,46.75636106,5.160904472,6.357148461
06067,CA,Sacramento,0.759974235,0.059362326,7.158414166,5.618405323,13.19167344,6.132742348,1.577127355,6.513070629,48.27890195,10.71032823,6.183969244
06069,CA,San Benito,6.132273594,0.074311008,12.13531065,12.03515234,14.22571161,5.87056961,0.943426707,3.625084812,40.12148234,4.836677329,5.040116081
06071,CA,San Bernardino,0.530576617,0.09798552,7.999833125,7.977262225,15.85782258,10.98657299,1.259263697,4.567451692,45.35520821,5.368023345,5.471917021
06073,CA,San Diego,0.654702984,0.025430297,6.417462476,9.613542142,12.47623062,4.44178274,2.009057,6.23856034,53.11359014,5.009641261,8.024585904
06075,CA,San Francisco,0.160382261,0.009962845,3.183617177,5.038464394,10.22265981,4.629987771,6.246508121,8.446343245,58.72940524,3.332669144,2.794824558
06077,CA,San Joaquin,4.720129714,0.091605571,8.769401297,9.341630762,14.40711348,8.726041326,1.323395147,4.502719159,42.94469161,5.173271937,4.948250563
06079,CA,San Luis Obispo,3.029068919,0.287385027,8.05600166,7.513504791,12.91311598,5.06458479,1.848024036,4.763368398,50.67504745,5.849898954,7.394039706
06081,CA,San Mateo,0.451698327,0.060829034,5.484384772,7.588483036,10.69369528,6.030624609,4.651833177,7.500781739,54.42561757,3.112052455,3.463974664
06083,CA,Santa Barbara,8.158344741,0.246791942,6.346484518,7.276335921,11.57695787,3.283138095,1.729912036,4.848680066,52.22989072,4.303464087,5.525023624
06085,CA,Santa Clara,0.486619936,0.032844861,5.10970779,16.40982845,9.953679815,3.039985394,5.553559946,4.55025363,52.45909773,2.404422446,3.08809396
06087,CA,Santa Cruz,4.900847576,0.007325632,6.649475851,8.321184994,13.03083358,4.174144916,2.435772525,4.503065777,52.38998733,3.58736182,4.329295444
06089,CA,Shasta,1.888940367,0.185320008,8.298365213,5.47488252,14.36230062,5.19425508,1.253557482,5.482824806,50.48514131,7.374412602,9.508878984
06091,CA,Sierra,14.27541456,0,17.73612112,6.416726748,1.0814708,4.542177361,0,2.235039654,44.98918529,8.723864456,9.139784946
06093,CA,Siskiyou,9.212274979,0.25975595,6.77781805,6.638878821,12.66159236,4.131931859,1.727679111,3.684909992,46.87084693,8.034311949,11.01374228
06095,CA,Solano,1.031340885,0.099457462,8.435029767,8.72303218,13.38574883,6.981348191,1.742626714,5.83970851,46.71766808,7.044039387,8.77900237
06097,CA,Sonoma,2.436133057,0.066830561,9.007407054,10.43352348,13.79852177,3.860658281,1.781750483,5.064403975,49.11767748,4.433093857,5.862083807
06099,CA,Stanislaus,4.888936306,0.044382802,8.926917743,12.1967353,14.73935773,7.712792062,0.897898218,3.239091006,43.55105089,3.802837939,4.847377929
06101,CA,Sutter,8.586925218,0.115196314,8.37093213,6.494192186,15.32830949,6.350196794,0.971968897,4.538254776,42.98982433,6.254199866,7.237767057
06103,CA,Tehama,8.040278258,0.003843345,6.98720166,9.715976786,14.42023137,7.029478458,0.741765633,3.128483032,43.33756101,6.595180445,8.321226796
06105,CA,Trinity,10.4193608,0.683539627,14.68686495,3.343801958,11.36153704,4.710881212,1.588767781,1.736560133,44.15296508,7.315721411,9.106035396
06107,CA,Tulare,15.19204994,0.051263156,5.976963619,8.363370339,14.00071555,5.091606192,1.093080008,2.87607666,41.26790873,6.086965809,4.389121223
06109,CA,Tuolumne,2.121535676,0.250684741,8.003342463,5.329371896,8.272596444,5.645048976,1.276635254,4.781579314,55.71236247,8.606842765,11.43000458
06111,CA,Ventura,4.731543542,0.159213539,6.328311483,9.797606189,12.90068537,3.664593396,2.48012269,6.996374418,47.53731034,5.40423903,5.675159452
06113,CA,Yolo,3.62292452,0.05413226,6.142535161,5.338425047,11.21817269,5.651407931,1.049181619,4.021534797,55.07514542,7.826540555,3.972591518
06115,CA,Yuba,4.411427823,0.130902903,8.99302942,6.744772065,14.01642831,4.653598194,1.930817816,4.437608404,46.67342998,8.007985077,9.739702517
08000,CO,Colorado,1.188609564,0.936579039,8.104394404,6.922606466,12.76803446,4.974847354,2.666180528,7.260797828,50.51904847,4.658901886,8.261053262
08001,CO,Adams,0.705722587,0.966565372,11.7672377,8.301330929,15.04354182,7.752559265,2.443314002,5.523707752,43.0282994,4.467721169,6.799550548
08003,CO,Alamosa,8.55922019,0.106823341,6.26251836,2.710642275,11.63039124,4.900520764,0.680998798,5.661637068,52.62384831,6.863399653,4.911798026
08005,CO,Arapahoe,0.379930337,0.572173948,7.496931222,5.880376057,12.59181412,6.170023098,3.55778843,9.419367333,49.89561884,4.035976612,7.456062668
08007,CO,Archuleta,6.211180124,1.342957865,13.1442001,2.048010744,9.216048347,3.642773208,0.470035253,3.223098875,56.605674,4.096021487,9.559702179
08009,CO,Baca,24.7983871,0.60483871,8.870967742,3.494623656,6.25,5.981182796,0.201612903,2.956989247,39.24731183,7.594086022,7.611070648
08011,CO,Bent,14.22278162,0,7.803650094,2.831969792,8.432976715,10.06922593,4.719949654,2.580239144,38.38892385,10.9502832,8.87406509
08013,CO,Boulder,0.691092769,0.419150574,5.170272897,10.34110766,11.18839863,2.799768512,3.361632552,5.114086493,57.83884616,3.075643756,4.951398353
08014,CO,Broomfield,0.269607248,0.422627578,4.325860436,10.3349445,11.79228097,3.332442739,4.403585048,8.37968473,52.75800928,3.98095747,7.215562491
08015,CO,Chaffee,1.922861934,0.044717719,11.17942985,2.604807155,11.89491336,5.131358301,1.956400224,6.115148127,53.66126328,5.489100056,9.800242131
08017,CO,Cheyenne,19.87654321,6.666666667,8.518518519,0.12345679,10.24691358,7.777777778,0.740740741,4.320987654,35.43209877,6.296296296,7.456503728
08019,CO,Clear Creek,1.009385514,1.61147512,7.526120064,5.507349035,12.87409244,3.878165398,1.398972906,6.782362316,53.05471932,6.357357889,5.952671383
08021,CO,Conejos,9.35483871,0.580645161,12.35483871,3.35483871,8.548387097,6.129032258,0.774193548,4.967741936,47,6.935483871,7.626514612
08023,CO,Costilla,11.14551084,0.619195046,8.513931889,1.625386997,15.09287926,8.204334365,1.780185759,3.250773994,41.40866873,8.359133127,11.29848229
08025,CO,Crowley,6.359393232,0,7.817969662,12.13535589,12.13535589,4.492415403,1.283547258,1.225204201,42.18203034,12.36872812,7.651559741
08027,CO,Custer,4.281984334,0,17.2845953,7.72845953,8.772845953,2.610966057,1.462140992,9.033942559,39.37336815,9.451697128,#N/A
08029,CO,Delta,6.037009127,6.304948505,10.26542745,6.572887884,14.44360713,4.638700494,1.699740434,3.642300929,43.23871724,3.156660806,11.44727389
